"Symbol","Series","Date","Prev Close","Open Price","High Price","Low Price","Last Price","Close Price","Average Price","Total Traded Quantity","Turnover","No. of Trades","Deliverable Qty","% Dly Qt to Traded Qty"
"HCL-INSYS","EQ","30-Aug-2018","         34.45","         34.70","         35.20","         34.25","         34.45","         34.50","         34.60","     785874","            27187872.70","       2740","     268990","         34.23"
"HCL-INSYS","EQ","31-Aug-2018","         34.50","         34.60","         36.15","         34.10","         35.50","         35.70","         35.19","    2141876","            75375708.20","       5942","     712054","         33.24"
"HCL-INSYS","EQ","03-Sep-2018","         35.70","         35.50","         36.40","         35.10","         35.10","         35.30","         35.71","    1637189","            58456612.65","       5337","     630749","         38.53"
"HCL-INSYS","EQ","04-Sep-2018","         35.30","         35.30","         35.50","         33.80","         33.80","         34.05","         34.62","    1010155","            34968427.50","       3169","     416814","         41.26"
"HCL-INSYS","EQ","05-Sep-2018","         34.05","         33.95","         34.15","         32.85","         33.60","         33.45","         33.35","    1202987","            40123818.40","       4083","     407867","         33.90"
"HCL-INSYS","EQ","06-Sep-2018","         33.45","         33.85","         33.95","         33.20","         33.60","         33.70","         33.62","     653184","            21959839.15","       2660","     165510","         25.34"
"HCL-INSYS","EQ","07-Sep-2018","         33.70","         33.65","         34.35","         33.40","         33.65","         33.85","         33.88","    1034881","            35060150.70","       2738","     325123","         31.42"
"HCL-INSYS","EQ","10-Sep-2018","         33.85","         33.70","         33.75","         33.10","         33.25","         33.25","         33.38","     648917","            21662649.80","       2681","     186231","         28.70"
"HCL-INSYS","EQ","11-Sep-2018","         33.25","         33.40","         33.65","         32.75","         32.95","         32.90","         33.18","     650039","            21565664.35","       2321","     243647","         37.48"
"HCL-INSYS","EQ","12-Sep-2018","         32.90","         33.00","         33.00","         32.00","         32.20","         32.25","         32.34","     758607","            24537078.15","       2660","     248735","         32.79"
"HCL-INSYS","EQ","14-Sep-2018","         32.25","         32.50","         32.95","         32.35","         32.55","         32.60","         32.66","     647596","            21147837.80","       2152","     269234","         41.57"
"HCL-INSYS","EQ","17-Sep-2018","         32.60","         32.45","         32.55","         32.15","         32.30","         32.30","         32.35","     503193","            16276969.90","       1577","     193572","         38.47"
"HCL-INSYS","EQ","18-Sep-2018","         32.30","         32.20","         32.50","         30.95","         31.15","         31.30","         31.75","     824718","            26181259.50","       3134","     416210","         50.47"
"HCL-INSYS","EQ","19-Sep-2018","         31.30","         31.30","         31.35","         29.35","         29.70","         29.70","         30.00","    1217396","            36525986.80","       5025","     574525","         47.19"
"HCL-INSYS","EQ","21-Sep-2018","         29.70","         30.10","         30.10","         25.05","         27.45","         27.30","         27.81","    1280993","            35628723.90","       5355","     536000","         41.84"
"HCL-INSYS","EQ","24-Sep-2018","         27.30","         27.60","         27.65","         25.35","         25.75","         25.85","         26.19","     684449","            17923799.30","       3418","     298018","         43.54"
"HCL-INSYS","EQ","25-Sep-2018","         25.85","         26.50","         27.60","         25.40","         26.25","         26.35","         26.57","    1065327","            28303653.30","       4931","     334441","         31.39"
"HCL-INSYS","EQ","26-Sep-2018","         26.35","         26.40","         27.40","         26.35","         26.75","         26.90","         26.87","     679681","            18263255.45","       2919","     262402","         38.61"
"HCL-INSYS","EQ","27-Sep-2018","         26.90","         27.00","         27.15","         25.55","         26.30","         26.05","         26.21","     989688","            25939048.60","       4885","     195343","         19.74"
"HCL-INSYS","EQ","28-Sep-2018","         26.05","         26.30","         26.55","         22.65","         23.70","         23.50","         24.51","    1057011","            25907632.80","       5083","     404500","         38.27"
"HCL-INSYS","EQ","01-Oct-2018","         23.50","         23.60","         23.85","         21.25","         22.55","         22.75","         22.69","    1378725","            31282668.05","       7308","     418012","         30.32"
"HCL-INSYS","EQ","03-Oct-2018","         22.75","         23.00","         24.50","         22.05","         23.40","         23.50","         23.41","    1372771","            32132622.25","       7105","     428353","         31.20"
"HCL-INSYS","EQ","04-Oct-2018","         23.50","         22.75","         23.85","         22.75","         22.85","         22.95","         23.12","     786387","            18183931.65","       3739","     275795","         35.07"
"HCL-INSYS","EQ","05-Oct-2018","         22.95","         22.95","         23.35","         22.45","         22.80","         22.80","         22.94","     553539","            12698051.70","       2549","     219317","         39.62"
"HCL-INSYS","EQ","08-Oct-2018","         22.80","         22.50","         23.00","         21.60","         22.80","         22.50","         22.38","     840109","            18799281.05","       3729","     249940","         29.75"
"HCL-INSYS","EQ","09-Oct-2018","         22.50","         22.70","         23.40","         21.65","         22.00","         22.05","         22.27","     902631","            20104546.30","       4800","     204347","         22.64"
"HCL-INSYS","EQ","10-Oct-2018","         22.05","         22.40","         25.15","         22.05","         24.00","         23.95","         23.39","    1208851","            28275884.50","       6325","     361245","         29.88"
"HCL-INSYS","EQ","11-Oct-2018","         23.95","         23.40","         24.40","         22.60","         24.05","         24.10","         23.84","     788862","            18806435.55","       3867","     223195","         28.29"
"HCL-INSYS","EQ","12-Oct-2018","         24.10","         24.35","         25.40","         24.35","         24.75","         24.85","         24.83","     996542","            24739156.75","       4179","     372151","         37.34"
"HCL-INSYS","EQ","15-Oct-2018","         24.85","         25.75","         29.30","         24.70","         27.60","         27.50","         27.35","    2203538","            60257864.05","      10386","     742805","         33.71"
"HCL-INSYS","EQ","16-Oct-2018","         27.50","         27.75","         28.10","         26.80","         26.95","         27.00","         27.50","     884394","            24318252.50","       4874","     286652","         32.41"
"HCL-INSYS","EQ","17-Oct-2018","         27.00","         27.50","         27.85","         26.20","         26.30","         26.35","         26.64","     801529","            21354164.85","       3686","     218003","         27.20"
"HCL-INSYS","EQ","19-Oct-2018","         26.35","         26.05","         26.05","         24.90","         25.40","         25.20","         25.29","     782387","            19788809.50","       3071","     308155","         39.39"
"HCL-INSYS","EQ","22-Oct-2018","         25.20","         25.40","         25.95","         24.65","         24.75","         24.85","         25.25","    1066227","            26918137.65","       4591","     120175","         11.27"
"HCL-INSYS","EQ","23-Oct-2018","         24.85","         24.30","         24.90","         23.85","         24.50","         24.25","         24.37","     884075","            21545451.85","       4604","     219427","         24.82"
"HCL-INSYS","EQ","24-Oct-2018","         24.25","         24.45","         25.10","         24.30","         24.65","         24.65","         24.60","    1269821","            31239995.80","       5514","     129889","         10.23"
"HCL-INSYS","EQ","25-Oct-2018","         24.65","         24.10","         26.75","         23.90","         26.20","         25.95","         25.51","    3829566","            97682918.50","      16985","     449430","         11.74"
"HCL-INSYS","EQ","26-Oct-2018","         25.95","         26.25","         26.45","         25.05","         25.10","         25.20","         25.55","    1435252","            36666419.90","       6904","     294713","         20.53"
"HCL-INSYS","EQ","29-Oct-2018","         25.20","         25.35","         25.80","         25.05","         25.55","         25.55","         25.45","    1092759","            27814931.45","       4162","     138907","         12.71"
"HCL-INSYS","EQ","30-Oct-2018","         25.55","         25.50","         26.20","         25.30","         25.65","         25.65","         25.75","     749534","            19302704.95","       3799","     189354","         25.26"
"HCL-INSYS","EQ","31-Oct-2018","         25.65","         25.80","         27.70","         25.60","         27.60","         27.50","         26.76","    1850401","            49511211.65","      10067","     566156","         30.60"
"HCL-INSYS","EQ","01-Nov-2018","         27.50","         28.00","         28.00","         27.20","         27.35","         27.40","         27.54","    1045308","            28784250.45","       4699","     207838","         19.88"
"HCL-INSYS","EQ","02-Nov-2018","         27.40","         27.70","         28.00","         26.60","         26.65","         26.80","         27.53","    1185385","            32630414.35","       4828","     321527","         27.12"
"HCL-INSYS","EQ","05-Nov-2018","         26.80","         26.75","         26.75","         25.90","         26.35","         26.15","         26.30","     528492","            13897205.15","       1670","     180548","         34.16"
"HCL-INSYS","EQ","06-Nov-2018","         26.15","         26.35","         28.70","         26.25","         28.70","         28.25","         27.47","    2329046","            63990338.10","       7937","     583730","         25.06"
"HCL-INSYS","EQ","07-Nov-2018","         28.25","         28.70","         28.95","         28.15","         28.90","         28.60","         28.58","     506647","            14481372.35","       1529","     278213","         54.91"
"HCL-INSYS","EQ","09-Nov-2018","         28.60","         28.70","         29.20","         28.05","         28.60","         28.70","         28.42","    1306356","            37120641.05","       4670","     195608","         14.97"
"HCL-INSYS","EQ","12-Nov-2018","         28.70","         28.75","         29.10","         28.05","         28.10","         28.20","         28.54","    1554582","            44365905.70","       4971","     255814","         16.46"
"HCL-INSYS","EQ","13-Nov-2018","         28.20","         28.05","         28.20","         27.25","         27.60","         27.65","         27.70","    1137947","            31525561.45","       3674","     145030","         12.74"
"HCL-INSYS","EQ","14-Nov-2018","         27.65","         27.90","         28.00","         26.95","         27.00","         27.10","         27.53","    1702794","            46871274.50","       5291","     165804","          9.74"
"HCL-INSYS","EQ","15-Nov-2018","         27.10","         26.80","         27.25","         26.30","         26.50","         26.50","         26.83","    1621313","            43498805.60","       4963","     166928","         10.30"
"HCL-INSYS","EQ","16-Nov-2018","         26.50","         26.65","         26.85","         26.10","         26.30","         26.30","         26.43","    1670643","            44152126.65","       4516","     172795","         10.34"
"HCL-INSYS","EQ","19-Nov-2018","         26.30","         26.30","         26.45","         25.60","         26.10","         25.95","         26.08","    1857238","            48442222.85","       5108","     178602","          9.62"
"HCL-INSYS","EQ","20-Nov-2018","         25.95","         25.95","         27.15","         25.60","         26.25","         26.30","         26.16","    1857860","            48606431.75","       5157","     178210","          9.59"
"HCL-INSYS","EQ","21-Nov-2018","         26.30","         26.25","         27.40","         26.05","         26.85","         27.10","         26.62","    2416488","            64316995.35","       7094","     385015","         15.93"
"HCL-INSYS","EQ","22-Nov-2018","         27.10","         27.25","         27.60","         26.05","         26.35","         26.40","         27.01","    2036900","            55011324.30","       4919","     194439","          9.55"
"HCL-INSYS","EQ","26-Nov-2018","         26.40","         26.50","         26.50","         25.50","         25.90","         25.95","         25.93","    1956725","            50728744.10","       4266","     120661","          6.17"
"HCL-INSYS","EQ","27-Nov-2018","         25.95","         26.05","         26.55","         25.80","         25.95","         25.95","         26.17","    1490489","            39012229.15","       4490","     134183","          9.00"
"HCL-INSYS","EQ","28-Nov-2018","         25.95","         26.15","         26.20","         25.50","         25.50","         25.65","         25.77","    1549248","            39917636.25","       3089","     176162","         11.37"
"HCL-INSYS","EQ","29-Nov-2018","         25.65","         25.90","         25.90","         25.10","         25.20","         25.35","         25.54","    1363468","            34818532.30","       2842","     156107","         11.45"
"HCL-INSYS","EQ","30-Nov-2018","         25.35","         25.35","         25.50","         24.50","         24.50","         24.65","         24.98","     792314","            19793501.75","       3076","     243215","         30.70"
"HCL-INSYS","EQ","03-Dec-2018","         24.65","         24.80","         25.20","         24.40","         25.00","         25.05","         24.77","    1410036","            34923353.85","       3499","     199036","         14.12"
"HCL-INSYS","EQ","04-Dec-2018","         25.05","         25.25","         26.25","         24.95","         26.10","         25.75","         25.52","    1671263","            42651562.00","       4104","     279344","         16.71"
"HCL-INSYS","EQ","05-Dec-2018","         25.75","         26.15","         26.35","         24.90","         24.95","         25.10","         25.55","    1500609","            38333628.40","       4421","     389437","         25.95"
"HCL-INSYS","EQ","06-Dec-2018","         25.10","         24.95","         24.95","         24.00","         24.15","         24.20","         24.37","     787657","            19193998.80","       2615","     230180","         29.22"
"HCL-INSYS","EQ","07-Dec-2018","         24.20","         24.35","         24.40","         23.65","         24.10","         24.05","         23.91","     959697","            22948914.35","       5379","     147770","         15.40"
"HCL-INSYS","EQ","10-Dec-2018","         24.05","         23.75","         23.85","         23.30","         23.35","         23.45","         23.55","     528348","            12444939.80","       4733","     117140","         22.17"
"HCL-INSYS","EQ","11-Dec-2018","         23.45","         23.50","         24.10","         22.85","         23.90","         23.80","         23.61","     684629","            16163271.50","       5318","     133954","         19.57"
"HCL-INSYS","EQ","12-Dec-2018","         23.80","         24.05","         25.00","         23.85","         24.70","         24.70","         24.61","     846565","            20835644.85","       7330","     164562","         19.44"
"HCL-INSYS","EQ","13-Dec-2018","         24.70","         24.95","         25.60","         24.60","         24.80","         24.90","         25.08","     808514","            20273977.30","       6240","     160184","         19.81"
"HCL-INSYS","EQ","14-Dec-2018","         24.90","         25.00","         25.00","         24.50","         24.75","         24.75","         24.73","     424818","            10507207.60","       3382","      99666","         23.46"
"HCL-INSYS","EQ","17-Dec-2018","         24.75","         24.55","         25.15","         24.55","         24.90","         24.95","         24.94","     310760","             7751839.60","       2524","      75183","         24.19"
"HCL-INSYS","EQ","18-Dec-2018","         24.95","         24.95","         25.40","         24.35","         25.20","         25.15","         24.89","     711694","            17717556.20","       2916","     246898","         34.69"
"HCL-INSYS","EQ","19-Dec-2018","         25.15","         27.00","         27.00","         26.10","         26.40","         26.30","         26.52","    2024968","            53699334.20","       7601","     528943","         26.12"
"HCL-INSYS","EQ","20-Dec-2018","         26.30","         25.85","         27.05","         25.85","         26.20","         26.20","         26.39","     796706","            21024809.60","       3376","     209444","         26.29"
"HCL-INSYS","EQ","21-Dec-2018","         26.20","         26.15","         26.30","         25.45","         25.60","         25.70","         25.76","     677319","            17445295.00","       2371","     257344","         37.99"
"HCL-INSYS","EQ","24-Dec-2018","         25.70","         25.90","         25.90","         24.90","         25.15","         25.15","         25.23","     507056","            12791837.15","       1765","     139563","         27.52"
"HCL-INSYS","EQ","26-Dec-2018","         25.15","         25.15","         25.15","         24.45","         24.95","         24.90","         24.83","     565744","            14045317.45","       2255","     137908","         24.38"
"HCL-INSYS","EQ","27-Dec-2018","         24.90","         25.20","         25.35","         24.75","         24.85","         24.90","         25.00","     593916","            14847271.95","       1923","     241212","         40.61"
"HCL-INSYS","EQ","28-Dec-2018","         24.90","         25.10","         25.45","         24.90","         25.20","         25.20","         25.19","     699070","            17611516.90","       4198","     138127","         19.76"
"HCL-INSYS","EQ","31-Dec-2018","         25.20","         25.30","         25.35","         24.85","         25.05","         25.05","         25.05","     452852","            11343381.35","       1676","     163880","         36.19"
"HCL-INSYS","EQ","01-Jan-2019","         25.05","         25.15","         25.90","         24.95","         25.55","         25.55","         25.35","     536651","            13601886.40","       1814","     187978","         35.03"
"HCL-INSYS","EQ","02-Jan-2019","         25.55","         25.45","         26.65","         25.20","         25.70","         25.55","         25.84","    1224151","            31626724.50","       4469","     376919","         30.79"
"HCL-INSYS","EQ","03-Jan-2019","         25.55","         25.60","         26.10","         25.35","         25.45","         25.55","         25.69","     490011","            12586027.90","       1613","     152992","         31.22"
"HCL-INSYS","EQ","04-Jan-2019","         25.55","         25.60","         25.60","         24.85","         24.90","         24.95","         25.10","     501026","            12575134.70","       1640","     220446","         44.00"
"HCL-INSYS","EQ","07-Jan-2019","         24.95","         25.05","         25.65","         25.00","         25.15","         25.05","         25.22","     503857","            12709267.60","       1614","     198901","         39.48"
"HCL-INSYS","EQ","08-Jan-2019","         25.05","         25.25","         25.45","         24.75","         25.00","         25.10","         25.16","     429450","            10804761.40","       1573","     132437","         30.84"
"HCL-INSYS","EQ","09-Jan-2019","         25.10","         25.20","         25.35","         24.45","         24.70","         24.80","         24.91","     708959","            17662741.90","       3301","     184968","         26.09"
"HCL-INSYS","EQ","10-Jan-2019","         24.80","         24.90","         25.35","         24.75","         24.85","         24.85","         25.03","     600193","            15023680.45","       2982","     117633","         19.60"
"HCL-INSYS","EQ","11-Jan-2019","         24.85","         25.00","         25.10","         24.65","         24.70","         24.75","         24.80","     447125","            11089813.85","       2610","     126560","         28.31"
"HCL-INSYS","EQ","14-Jan-2019","         24.75","         24.70","         24.75","         24.00","         24.40","         24.40","         24.44","    1733465","            42366007.60","       3604","    1124877","         64.89"
"HCL-INSYS","EQ","15-Jan-2019","         24.40","         24.50","         25.05","         24.30","         24.75","         24.80","         24.69","     453162","            11188698.10","       2119","     131184","         28.95"
"HCL-INSYS","EQ","16-Jan-2019","         24.80","         24.85","         25.15","         24.50","         24.60","         24.60","         24.77","     590805","            14634671.05","       2617","     201835","         34.16"
"HCL-INSYS","EQ","17-Jan-2019","         24.60","         24.65","         25.15","         24.30","         24.50","         24.45","         24.59","     561135","            13799482.40","       2162","     165593","         29.51"
"HCL-INSYS","EQ","18-Jan-2019","         24.45","         24.70","         24.70","         23.80","         23.90","         23.90","         24.15","     516841","            12481043.70","       2804","     187292","         36.24"
"HCL-INSYS","EQ","21-Jan-2019","         23.90","         23.90","         23.90","         23.10","         23.15","         23.25","         23.47","     573763","            13465336.40","       2109","     228189","         39.77"
"HCL-INSYS","EQ","22-Jan-2019","         23.25","         23.25","         23.35","         22.00","         22.35","         22.30","         22.38","     974871","            21820581.90","       3501","     431349","         44.25"
"HCL-INSYS","EQ","23-Jan-2019","         22.30","         22.35","         22.45","         21.55","         21.80","         21.80","         22.03","     509993","            11236752.40","       2102","     241665","         47.39"
"HCL-INSYS","EQ","24-Jan-2019","         21.80","         21.95","         21.95","         19.85","         21.05","         20.95","         20.87","    1251660","            26128246.05","       5524","     391117","         31.25"
"HCL-INSYS","EQ","25-Jan-2019","         20.95","         21.20","         21.20","         20.10","         20.40","         20.40","         20.57","     552774","            11368596.20","       3125","     164886","         29.83"
"HCL-INSYS","EQ","28-Jan-2019","         20.40","         20.40","         20.40","         18.75","         19.60","         19.75","         19.32","    1010726","            19524940.00","       5548","     278120","         27.52"
"HCL-INSYS","EQ","29-Jan-2019","         19.75","         19.80","         20.25","         19.25","         20.15","         20.10","         19.94","     655165","            13065003.15","       4444","     177606","         27.11"
"HCL-INSYS","EQ","30-Jan-2019","         20.10","         20.15","         20.50","         19.80","         20.20","         20.10","         20.05","     663995","            13315863.95","       4100","     244415","         36.81"
"HCL-INSYS","EQ","31-Jan-2019","         20.10","         20.20","         20.45","         19.40","         19.95","         20.00","         19.97","     628988","            12560262.75","       2973","     189031","         30.05"
"HCL-INSYS","EQ","01-Feb-2019","         20.00","         20.20","         20.40","         19.60","         19.95","         19.95","         20.07","     401293","             8054691.10","       1574","     181010","         45.11"
"HCL-INSYS","EQ","04-Feb-2019","         19.95","         19.95","         19.95","         19.00","         19.15","         19.20","         19.24","     536282","            10317346.30","       2876","     158366","         29.53"
"HCL-INSYS","EQ","05-Feb-2019","         19.20","         19.20","         19.20","         17.00","         17.30","         17.35","         18.13","    1031226","            18692567.95","       4987","     460170","         44.62"
"HCL-INSYS","EQ","06-Feb-2019","         17.35","         17.65","         17.65","         16.30","         16.85","         16.85","         16.76","     851335","            14268609.45","       3645","     360708","         42.37"
"HCL-INSYS","EQ","07-Feb-2019","         16.85","         16.70","         17.90","         16.65","         17.70","         17.75","         17.51","     713705","            12496506.55","       3585","     246675","         34.56"
"HCL-INSYS","EQ","08-Feb-2019","         17.75","         17.75","         17.75","         16.80","         16.85","         16.90","         17.01","     456707","             7767591.25","       2189","     209332","         45.84"
"HCL-INSYS","EQ","11-Feb-2019","         16.90","         17.40","         17.40","         15.55","         16.50","         16.60","         16.58","     728354","            12074430.25","       4889","     160793","         22.08"
"HCL-INSYS","EQ","12-Feb-2019","         16.60","         16.45","         16.60","         16.00","         16.45","         16.40","         16.31","     470400","             7671192.10","       3051","     180384","         38.35"
"HCL-INSYS","EQ","13-Feb-2019","         16.40","         16.30","         16.95","         16.05","         16.70","         16.60","         16.34","     389123","             6360098.15","       2083","     158795","         40.81"
"HCL-INSYS","EQ","14-Feb-2019","         16.60","         16.40","         16.85","         16.10","         16.55","         16.60","         16.42","     395706","             6497785.85","       2026","     151450","         38.27"
"HCL-INSYS","EQ","15-Feb-2019","         16.60","         16.70","         17.15","         16.25","         16.70","         16.80","         16.68","     519153","             8659505.20","       2827","     222879","         42.93"
"HCL-INSYS","EQ","18-Feb-2019","         16.80","         17.05","         17.05","         16.30","         16.35","         16.45","         16.55","     314157","             5198971.95","       1698","     126241","         40.18"
"HCL-INSYS","EQ","19-Feb-2019","         16.45","         16.25","         17.20","         16.15","         16.60","         16.65","         16.64","     389078","             6473541.30","       1561","     122127","         31.39"
"HCL-INSYS","EQ","20-Feb-2019","         16.65","         16.90","         18.00","         16.40","         17.80","         17.85","         17.26","     697827","            12043561.85","       2679","     333979","         47.86"
"HCL-INSYS","EQ","21-Feb-2019","         17.85","         17.95","         18.65","         17.60","         18.55","         18.35","         18.16","     573386","            10413039.60","       1890","     311084","         54.25"
"HCL-INSYS","EQ","22-Feb-2019","         18.35","         18.55","         20.75","         18.15","         20.20","         20.20","         19.94","    1459512","            29109738.65","       7664","     546372","         37.44"
"HCL-INSYS","EQ","25-Feb-2019","         20.20","         20.40","         20.70","         19.85","         19.90","         20.00","         20.22","     556758","            11255263.75","       2057","     244413","         43.90"
"HCL-INSYS","EQ","26-Feb-2019","         20.00","         19.20","         19.70","         18.50","         19.05","         19.15","         19.02","     710928","            13518481.70","       2170","     226378","         31.84"
"HCL-INSYS","EQ","27-Feb-2019","         19.15","         19.30","         20.45","         19.15","         19.35","         19.30","         19.77","     798995","            15793376.90","       3359","     237237","         29.69"
"HCL-INSYS","EQ","28-Feb-2019","         19.30","         19.45","         19.85","         19.10","         19.30","         19.35","         19.49","     464962","             9059841.45","       1700","     124171","         26.71"
"HCL-INSYS","EQ","01-Mar-2019","         19.35","         19.50","         20.40","         19.45","         19.70","         19.80","         19.79","     724453","            14334884.60","       1871","     406374","         56.09"
"HCL-INSYS","EQ","05-Mar-2019","         19.80","         19.85","         21.25","         19.85","         20.90","         21.00","         20.85","    1096961","            22876885.95","       3062","     624762","         56.95"
"HCL-INSYS","EQ","06-Mar-2019","         21.00","         20.70","         23.50","         20.70","         22.20","         22.30","         22.02","     986779","            21728414.35","       3321","     444399","         45.04"
"HCL-INSYS","EQ","07-Mar-2019","         22.30","         22.50","         22.90","         21.45","         21.55","         21.60","         21.89","     598194","            13094908.90","       2807","     294511","         49.23"
"HCL-INSYS","EQ","08-Mar-2019","         21.60","         21.55","         21.60","         20.80","         20.85","         20.85","         21.08","     423655","             8929141.55","       1897","     222152","         52.44"
"HCL-INSYS","EQ","11-Mar-2019","         20.85","         21.00","         21.45","         20.70","         21.20","         21.15","         21.15","     320916","             6786025.05","       1748","     181265","         56.48"
"HCL-INSYS","EQ","12-Mar-2019","         21.15","         21.30","         22.30","         21.25","         21.55","         21.65","         21.75","     641035","            13940671.80","       2458","     316970","         49.45"
"HCL-INSYS","EQ","13-Mar-2019","         21.65","         21.70","         21.75","         21.20","         21.25","         21.30","         21.46","    1015908","            21801324.05","       3721","     802686","         79.01"
"HCL-INSYS","EQ","14-Mar-2019","         21.30","         21.40","         21.50","         20.95","         21.10","         21.15","         21.25","     273173","             5803696.70","       2947","     132951","         48.67"
"HCL-INSYS","EQ","15-Mar-2019","         21.15","         21.30","         21.35","         19.75","         20.00","         19.95","         20.31","     783474","            15913340.90","       3362","     525383","         67.06"
"HCL-INSYS","EQ","18-Mar-2019","         19.95","         20.10","         20.40","         19.95","         20.05","         20.10","         20.16","     324500","             6540623.20","       1476","     154683","         47.67"
"HCL-INSYS","EQ","19-Mar-2019","         20.10","         20.25","         20.45","         19.30","         20.15","         20.10","         20.10","     326400","             6561188.90","       1560","     139678","         42.79"
"HCL-INSYS","EQ","20-Mar-2019","         20.10","         20.20","         20.20","         19.70","         19.95","         19.95","         19.93","     243098","             4845789.70","       1292","     134578","         55.36"
"HCL-INSYS","EQ","22-Mar-2019","         19.95","         20.00","         20.35","         19.50","         19.90","         19.95","         19.94","     284382","             5669156.90","       1600","     171193","         60.20"
"HCL-INSYS","EQ","25-Mar-2019","         19.95","         19.40","         19.95","         19.15","         19.40","         19.40","         19.57","     183482","             3591468.90","       1273","     121235","         66.07"
"HCL-INSYS","EQ","26-Mar-2019","         19.40","         19.50","         19.85","         19.00","         19.40","         19.40","         19.49","     339014","             6606230.70","       1755","     210041","         61.96"
"HCL-INSYS","EQ","27-Mar-2019","         19.40","         19.40","         19.70","         18.80","         19.05","         18.90","         19.07","     719428","            13722655.55","       2282","     507715","         70.57"
"HCL-INSYS","EQ","28-Mar-2019","         18.90","         19.10","         20.05","         19.00","         19.10","         19.20","         19.41","     943540","            18317775.10","       2431","     502699","         53.28"
"HCL-INSYS","EQ","29-Mar-2019","         19.20","         19.40","         19.40","         18.95","         19.00","         19.00","         19.07","     355926","             6788746.10","       1515","     238334","         66.96"
"HCL-INSYS","EQ","01-Apr-2019","         19.00","         19.55","         19.75","         19.10","         19.60","         19.45","         19.47","     536839","            10454013.95","       1381","     340052","         63.34"
"HCL-INSYS","EQ","02-Apr-2019","         19.45","         19.60","         19.65","         18.95","         19.10","         19.05","         19.25","     472314","             9092294.55","       1363","     266732","         56.47"
"HCL-INSYS","EQ","03-Apr-2019","         19.05","         19.15","         19.25","         18.45","         18.65","         18.60","         18.87","     477942","             9020088.40","       1473","     338116","         70.74"
"HCL-INSYS","EQ","04-Apr-2019","         18.60","         18.70","         18.80","         18.00","         18.30","         18.20","         18.31","     366818","             6715925.15","       1484","     226785","         61.82"
"HCL-INSYS","EQ","05-Apr-2019","         18.20","         18.20","         18.55","         18.00","         18.15","         18.10","         18.18","     671713","            12213519.25","       1623","     321723","         47.90"
"HCL-INSYS","EQ","08-Apr-2019","         18.10","         18.25","         18.95","         17.85","         18.15","         18.00","         18.21","     657569","            11972463.55","       2061","     283432","         43.10"
"HCL-INSYS","EQ","09-Apr-2019","         18.00","         18.00","         18.25","         17.50","         17.60","         17.60","         17.69","     877225","            15521203.55","       2273","     567157","         64.65"
"HCL-INSYS","EQ","10-Apr-2019","         17.60","         17.60","         17.90","         17.50","         17.60","         17.55","         17.64","     472625","             8335494.00","       1466","     237523","         50.26"
"HCL-INSYS","EQ","11-Apr-2019","         17.55","         17.60","         17.80","         17.15","         17.30","         17.25","         17.43","     611253","            10652594.95","       2295","     292766","         47.90"
"HCL-INSYS","EQ","12-Apr-2019","         17.25","         17.25","         18.15","         17.10","         17.75","         17.70","         17.64","     979768","            17282331.55","       3119","     426076","         43.49"
"HCL-INSYS","EQ","15-Apr-2019","         17.70","         17.95","         18.50","         17.80","         18.40","         18.35","         18.27","     628448","            11483185.05","       2521","     276048","         43.93"
"HCL-INSYS","EQ","16-Apr-2019","         18.35","         18.55","         18.60","         18.05","         18.35","         18.25","         18.26","     372816","             6808463.10","       1205","     186386","         49.99"
"HCL-INSYS","EQ","18-Apr-2019","         18.25","         18.45","         18.45","         17.60","         18.10","         18.05","         17.94","     456610","             8190897.15","       1551","     226997","         49.71"
"HCL-INSYS","EQ","22-Apr-2019","         18.05","         18.20","         18.20","         17.50","         17.95","         17.70","         17.70","     256211","             4535427.70","       1059","     127134","         49.62"
"HCL-INSYS","EQ","23-Apr-2019","         17.70","         17.85","         18.00","         17.40","         17.70","         17.50","         17.57","     237871","             4178569.75","        873","     124724","         52.43"
"HCL-INSYS","EQ","24-Apr-2019","         17.50","         17.25","         17.55","         16.90","         17.10","         17.05","         17.15","     494343","             8477473.50","       1683","     295093","         59.69"
"HCL-INSYS","EQ","25-Apr-2019","         17.05","         16.95","         17.25","         16.55","         16.65","         16.65","         16.83","     511512","             8607182.05","       1695","     295442","         57.76"
"HCL-INSYS","EQ","26-Apr-2019","         16.65","         16.65","         17.20","         16.25","         17.00","         17.00","         16.91","     557850","             9434146.85","       1555","     328694","         58.92"
"HCL-INSYS","EQ","30-Apr-2019","         17.00","         17.15","         17.15","         16.30","         16.60","         16.45","         16.59","     480187","             7966028.20","       1833","     193073","         40.21"
"HCL-INSYS","EQ","02-May-2019","         16.45","         16.75","         16.75","         16.40","         16.45","         16.45","         16.47","     304200","             5011110.35","       1015","     167198","         54.96"
"HCL-INSYS","EQ","03-May-2019","         16.45","         16.50","         16.50","         16.10","         16.25","         16.20","         16.26","     351780","             5718998.80","        996","     198433","         56.41"
"HCL-INSYS","EQ","06-May-2019","         16.20","         16.20","         16.20","         15.65","         15.70","         15.70","         15.80","     393671","             6219742.45","       1181","     273943","         69.59"
"HCL-INSYS","EQ","07-May-2019","         15.70","         15.95","         16.05","         15.60","         15.85","         15.85","         15.86","     449877","             7136912.50","       1443","     184718","         41.06"
"HCL-INSYS","EQ","08-May-2019","         15.85","         15.65","         15.80","         15.35","         15.45","         15.45","         15.51","     368863","             5721778.00","       1483","     168722","         45.74"
"HCL-INSYS","EQ","09-May-2019","         15.45","         15.45","         15.60","         15.10","         15.35","         15.40","         15.26","     378058","             5770390.20","       1307","     148367","         39.24"
"HCL-INSYS","EQ","10-May-2019","         15.40","         15.60","         15.60","         15.15","         15.25","         15.25","         15.33","     491822","             7540974.15","       1266","     214636","         43.64"
"HCL-INSYS","EQ","13-May-2019","         15.25","         15.40","         15.40","         14.85","         14.95","         14.95","         15.05","     309411","             4655932.95","       1024","     151531","         48.97"
"HCL-INSYS","EQ","14-May-2019","         14.95","         14.95","         14.95","         13.90","         14.00","         14.10","         14.27","     691376","             9864589.50","       2109","     418446","         60.52"
"HCL-INSYS","EQ","15-May-2019","         14.10","         14.05","         14.65","         14.00","         14.10","         14.15","         14.31","     373690","             5348946.00","       1309","     116173","         31.09"
"HCL-INSYS","EQ","16-May-2019","         14.15","         14.25","         14.40","         13.50","         13.85","         13.80","         13.84","     419306","             5802673.75","       1139","     237913","         56.74"
"HCL-INSYS","EQ","17-May-2019","         13.80","         13.75","         13.85","         13.25","         13.45","         13.55","         13.55","     426891","             5783339.60","       1342","     210980","         49.42"
"HCL-INSYS","EQ","20-May-2019","         13.55","         14.40","         14.50","         13.50","         14.50","         14.20","         14.10","     537867","             7586325.95","       2052","     295708","         54.98"
"HCL-INSYS","EQ","21-May-2019","         14.20","         14.45","         14.90","         14.00","         14.15","         14.15","         14.45","     551630","             7970457.85","       1937","     195157","         35.38"
"HCL-INSYS","EQ","22-May-2019","         14.15","         14.20","         14.60","         14.00","         14.50","         14.45","         14.26","     296708","             4230408.95","       1146","     128652","         43.36"
"HCL-INSYS","EQ","23-May-2019","         14.45","         15.05","         15.20","         14.15","         14.40","         14.35","         14.72","     473539","             6969234.35","       1906","     230694","         48.72"
"HCL-INSYS","EQ","24-May-2019","         14.35","         14.30","         15.85","         14.30","         15.45","         15.55","         15.12","     694886","            10507784.20","       2932","     328511","         47.28"
"HCL-INSYS","EQ","27-May-2019","         15.55","         15.40","         17.65","         15.30","         17.05","         17.10","         16.93","    1578957","            26726843.50","       4637","     727218","         46.06"
"HCL-INSYS","EQ","28-May-2019","         17.10","         17.10","         17.90","         16.90","         17.05","         17.00","         17.14","     499521","             8562388.75","       1610","     241064","         48.26"
"HCL-INSYS","EQ","29-May-2019","         17.00","         17.15","         17.35","         16.35","         16.50","         16.50","         16.92","     478108","             8089755.10","       1871","     222070","         46.45"
"HCL-INSYS","EQ","30-May-2019","         16.50","         16.50","         16.85","         16.20","         16.30","         16.40","         16.48","     298991","             4926313.70","       1330","     162036","         54.19"
"HCL-INSYS","EQ","31-May-2019","         16.40","         16.30","         16.60","         15.30","         15.35","         15.40","         15.77","     481074","             7588611.20","       1768","     275180","         57.20"
"HCL-INSYS","EQ","03-Jun-2019","         15.40","         15.55","         15.75","         15.20","         15.30","         15.40","         15.52","     273242","             4241839.30","        976","     150731","         55.16"
"HCL-INSYS","EQ","04-Jun-2019","         15.40","         15.35","         15.75","         15.15","         15.30","         15.30","         15.45","     318414","             4918966.80","        906","     129952","         40.81"
"HCL-INSYS","EQ","06-Jun-2019","         15.30","         15.40","         15.50","         14.45","         14.60","         14.60","         14.74","     410901","             6058311.25","       1977","     197095","         47.97"
"HCL-INSYS","EQ","07-Jun-2019","         14.60","         14.75","         14.80","         14.25","         14.40","         14.45","         14.50","     250506","             3631383.45","        845","     123776","         49.41"
"HCL-INSYS","EQ","10-Jun-2019","         14.45","         14.45","         15.25","         13.40","         14.50","         14.25","         14.17","     578466","             8196690.50","       2072","     179879","         31.10"
"HCL-INSYS","EQ","11-Jun-2019","         14.25","         14.30","         14.70","         13.70","         14.40","         14.45","         14.17","     262069","             3713715.65","        988","      88656","         33.83"
"HCL-INSYS","EQ","12-Jun-2019","         14.45","         14.40","         14.75","         14.05","         14.50","         14.50","         14.36","     212208","             3046391.50","        787","      70291","         33.12"
"HCL-INSYS","EQ","13-Jun-2019","         14.50","         14.25","         14.50","         13.70","         14.25","         14.30","         14.12","     419369","             5920766.50","       1491","     204719","         48.82"
"HCL-INSYS","EQ","14-Jun-2019","         14.30","         14.25","         14.45","         13.80","         14.00","         14.10","         14.22","     172454","             2452190.50","        686","      89751","         52.04"
"HCL-INSYS","EQ","17-Jun-2019","         14.10","         14.00","         14.20","         13.40","         13.80","         13.70","         13.81","     328235","             4532066.65","       1072","     178053","         51.87"
"HCL-INSYS","EQ","18-Jun-2019","         13.70","         13.70","         13.95","         13.25","         13.40","         13.45","         13.54","     242484","             3282929.20","        987","     123198","         44.23"
"HCL-INSYS","EQ","19-Jun-2019","         13.45","         13.55","         13.60","         12.75","         13.10","         13.00","         13.10","     395268","             5176831.45","       1346","     180706","         45.72"
"HCL-INSYS","EQ","20-Jun-2019","         13.00","         13.10","         13.20","         11.60","         13.05","         13.05","         12.48","     742080","             9260784.85","       2379","     262338","         35.35"
"HCL-INSYS","EQ","21-Jun-2019","         13.05","         13.20","         13.65","         12.75","         13.00","         13.10","         13.19","     276713","             3649871.90","       1060","     120524","         43.56"
"HCL-INSYS","EQ","24-Jun-2019","         13.10","         12.80","         13.50","         12.80","         13.20","         13.20","         13.28","     242537","             3220565.80","        908","     122025","         50.31"
"HCL-INSYS","EQ","25-Jun-2019","         13.20","         13.05","         13.30","         12.80","         12.95","         12.95","         13.06","     220823","             2884088.00","        770","      87139","         39.46"
"HCL-INSYS","EQ","26-Jun-2019","         12.95","         13.05","         13.15","         12.75","         13.15","         13.05","         12.99","     281276","             3652548.00","       1134","     110572","         39.31"
"HCL-INSYS","EQ","27-Jun-2019","         13.05","         13.10","         13.40","         12.95","         13.35","         13.30","         13.24","     243116","             3219838.05","        871","     133383","         54.86"
"HCL-INSYS","EQ","28-Jun-2019","         13.30","         13.30","         13.50","         13.00","         13.35","         13.20","         13.21","     207545","             2740718.70","        853","      86557","         41.71"
"HCL-INSYS","EQ","01-Jul-2019","         13.20","         13.35","         13.35","         12.90","         13.05","         13.00","         13.05","     171588","             2239629.40","        721","      88578","         51.62"
"HCL-INSYS","EQ","02-Jul-2019","         13.00","         13.05","         13.10","         12.55","         12.75","         12.70","         12.70","     258723","             3285998.00","       2003","     125762","         48.61"
"HCL-INSYS","EQ","03-Jul-2019","         12.70","         12.80","         12.90","         12.55","         12.75","         12.70","         12.73","     231739","             2949870.15","        739","     116552","         50.29"
"HCL-INSYS","EQ","04-Jul-2019","         12.70","         12.95","         12.95","         12.25","         12.55","         12.50","         12.56","     269900","             3389721.35","        952","     154649","         57.30"
"HCL-INSYS","EQ","05-Jul-2019","         12.50","         12.55","         12.60","         12.10","         12.30","         12.15","         12.36","     180354","             2228684.90","        799","     102546","         56.86"
"HCL-INSYS","EQ","08-Jul-2019","         12.15","         12.45","         12.55","         11.55","         12.10","         12.10","         11.94","     376842","             4501167.70","       1442","     217492","         57.71"
"HCL-INSYS","EQ","09-Jul-2019","         12.10","         12.00","         12.20","         11.80","         12.10","         12.05","         12.00","     164017","             1967514.25","        625","      73785","         44.99"
"HCL-INSYS","EQ","10-Jul-2019","         12.05","         12.05","         12.15","         11.75","         11.95","         11.90","         11.89","     207952","             2472882.20","        949","     110569","         53.17"
"HCL-INSYS","EQ","11-Jul-2019","         11.90","         11.95","         12.00","         11.50","         12.00","         11.95","         11.80","     226093","             2668529.90","       1053","      73417","         32.47"
"HCL-INSYS","EQ","12-Jul-2019","         11.95","         11.95","         12.25","         11.80","         11.85","         11.85","         11.96","     203348","             2432669.95","       1056","      84651","         41.63"
"HCL-INSYS","EQ","15-Jul-2019","         11.85","         11.85","         12.10","         11.75","         11.80","         11.85","         11.85","     204583","             2425251.25","        713","     120248","         58.78"
"HCL-INSYS","EQ","16-Jul-2019","         11.85","         11.90","         11.95","         11.70","         11.80","         11.80","         11.86","     153806","             1823717.55","        605","      77111","         50.14"
"HCL-INSYS","EQ","17-Jul-2019","         11.80","         11.85","         11.90","         11.70","         11.85","         11.80","         11.78","     172575","             2033193.80","        597","      65409","         37.90"
"HCL-INSYS","EQ","18-Jul-2019","         11.80","         11.80","         11.80","         11.15","         11.40","         11.35","         11.47","     278123","             3190533.95","        968","     144358","         51.90"
"HCL-INSYS","EQ","19-Jul-2019","         11.35","         11.40","         11.70","         10.95","         11.05","         11.10","         11.14","     355047","             3953890.45","        991","     166740","         46.96"
"HCL-INSYS","EQ","22-Jul-2019","         11.10","         11.10","         11.75","         10.60","         11.60","         11.35","         11.18","     576490","             6444230.90","       1662","     233933","         40.58"
"HCL-INSYS","EQ","23-Jul-2019","         11.35","         11.35","         11.55","         11.00","         11.40","         11.30","         11.29","     195752","             2209279.85","        644","      66776","         34.11"
"HCL-INSYS","EQ","24-Jul-2019","         11.30","         11.30","         11.35","         10.80","         11.10","         10.95","         10.98","     219618","             2411184.25","        837","      91772","         41.79"
"HCL-INSYS","EQ","25-Jul-2019","         10.95","         11.10","         11.40","         10.90","         11.15","         11.20","         11.08","     239992","             2659283.95","        746","     112818","         47.01"
"HCL-INSYS","EQ","26-Jul-2019","         11.20","         11.20","         11.20","         10.95","         11.10","         11.05","         11.07","     210591","             2332025.55","        889","      97344","         46.22"
"HCL-INSYS","EQ","29-Jul-2019","         11.05","         11.10","         11.15","         10.40","         10.80","         10.80","         10.80","     370680","             4003656.25","       1091","     100270","         27.05"
"HCL-INSYS","EQ","30-Jul-2019","         10.80","         10.75","         11.10","         10.30","         10.60","         10.45","         10.79","     420973","             4540572.55","       1263","     151689","         36.03"
"HCL-INSYS","EQ","31-Jul-2019","         10.45","         10.35","         12.50","         10.10","         11.40","         11.40","         11.70","    1501648","            17565033.35","       4590","     471285","         31.38"
"HCL-INSYS","EQ","01-Aug-2019","         11.40","         10.85","         11.55","         10.45","         10.80","         10.75","         10.81","     841273","             9093969.95","       2371","     258384","         30.71"
"HCL-INSYS","EQ","02-Aug-2019","         10.75","         10.65","         10.95","         10.30","         10.70","         10.50","         10.55","     584258","             6165449.25","       1523","     209377","         35.84"
"HCL-INSYS","EQ","05-Aug-2019","         10.50","         10.65","         10.65","          9.30","          9.65","          9.55","          9.99","     758051","             7572068.50","       2195","     346780","         45.75"
"HCL-INSYS","EQ","06-Aug-2019","          9.55","          9.65","         10.65","          9.60","          9.90","          9.95","         10.01","     965124","             9657611.35","       2527","     206356","         21.38"
"HCL-INSYS","EQ","07-Aug-2019","          9.95","         10.00","         10.15","          9.60","          9.70","          9.70","          9.96","     281303","             2802125.50","        985","     113645","         40.40"
"HCL-INSYS","EQ","08-Aug-2019","          9.70","          9.75","          9.75","          9.40","          9.65","          9.60","          9.61","     690913","             6642112.45","       1448","     142727","         20.66"
"HCL-INSYS","EQ","09-Aug-2019","          9.60","          9.75","         10.10","          9.60","          9.85","          9.85","          9.96","     619764","             6172586.65","       1307","     168801","         27.24"
"HCL-INSYS","EQ","13-Aug-2019","          9.85","          9.40","          9.85","          9.30","          9.35","          9.40","          9.52","     737962","             7022298.70","       1909","     179615","         24.34"
"HCL-INSYS","EQ","14-Aug-2019","          9.40","          9.45","          9.65","          9.00","          9.15","          9.15","          9.41","     630417","             5932842.60","       1565","     159991","         25.38"
"HCL-INSYS","EQ","16-Aug-2019","          9.15","          9.10","          9.25","          8.90","          9.10","          9.05","          9.07","     245914","             2229382.60","        670","     135213","         54.98"
"HCL-INSYS","EQ","19-Aug-2019","          9.05","          9.10","          9.40","          9.05","          9.30","          9.25","          9.22","     217410","             2004671.45","        708","     109150","         50.20"
"HCL-INSYS","EQ","20-Aug-2019","          9.25","          9.20","          9.25","          8.95","          9.25","          9.15","          9.11","     234813","             2138622.80","        676","     109781","         46.75"
"HCL-INSYS","EQ","21-Aug-2019","          9.15","          9.15","          9.15","          8.60","          8.75","          8.70","          8.84","     313933","             2774486.95","        971","     194000","         61.80"
"HCL-INSYS","EQ","22-Aug-2019","          8.70","          8.55","          8.70","          7.65","          7.90","          7.90","          8.04","     511085","             4106687.35","       1865","     290770","         56.89"
"HCL-INSYS","EQ","23-Aug-2019","          7.90","          7.75","          8.35","          7.70","          8.15","          8.00","          8.07","     289131","             2333253.10","       1208","     147289","         50.94"
"HCL-INSYS","EQ","26-Aug-2019","          8.00","          8.70","          8.70","          8.05","          8.10","          8.10","          8.18","     195052","             1594992.25","        986","      98920","         50.71"
"HCL-INSYS","EQ","27-Aug-2019","          8.10","          8.20","          8.90","          8.10","          8.50","          8.50","          8.57","     449582","             3852955.10","       1496","     189567","         42.17"
"HCL-INSYS","EQ","28-Aug-2019","          8.50","          8.50","          8.85","          8.45","          8.55","          8.55","          8.62","     214366","             1848875.70","       1086","     121568","         56.71"
"HCL-INSYS","EQ","29-Aug-2019","          8.55","          8.40","          8.50","          8.20","          8.20","          8.20","          8.30","     135400","             1123333.00","        634","     107248","         79.21"
"HCL-INSYS","EQ","30-Aug-2019","          8.20","          8.20","          8.45","          8.00","          8.15","          8.20","          8.25","     702591","             5798844.85","       1279","     103335","         14.71"
"HCL-INSYS","EQ","03-Sep-2019","          8.20","          8.00","          8.35","          7.60","          7.70","          7.75","          7.97","     922331","             7352094.25","       2238","     319371","         34.63"
"HCL-INSYS","EQ","04-Sep-2019","          7.75","          7.70","          8.10","          7.55","          7.85","          7.85","          7.84","     623187","             4884058.80","       1176","     139680","         22.41"
"HCL-INSYS","EQ","05-Sep-2019","          7.85","          7.90","          8.10","          7.85","          7.95","          7.90","          7.97","     283062","             2256714.10","        791","     104025","         36.75"
"HCL-INSYS","EQ","06-Sep-2019","          7.90","          7.95","          8.15","          7.90","          8.00","          8.00","          8.05","     298048","             2399147.80","        977","     147240","         49.40"
"HCL-INSYS","EQ","09-Sep-2019","          8.00","          8.25","          8.80","          8.05","          8.50","          8.50","          8.54","     667919","             5705200.80","       1451","     353732","         52.96"
"HCL-INSYS","EQ","11-Sep-2019","          8.50","          8.60","          9.30","          8.55","          9.00","          9.00","          9.00","    1205462","            10852026.30","       1982","     653221","         54.19"
"HCL-INSYS","EQ","12-Sep-2019","          9.00","          9.10","          9.25","          8.55","          8.60","          8.60","          8.86","     699917","             6203155.10","       1723","     425697","         60.82"
"HCL-INSYS","EQ","13-Sep-2019","          8.60","          8.70","          9.10","          8.45","          9.10","          9.05","          8.80","     562703","             4952489.60","       1251","     293739","         52.20"
"HCL-INSYS","EQ","16-Sep-2019","          9.05","          8.85","          9.85","          8.80","          9.60","          9.55","          9.36","    1676621","            15699914.40","       2284","     641971","         38.29"
"HCL-INSYS","EQ","17-Sep-2019","          9.55","          9.70","          9.70","          8.55","          8.80","          8.75","          9.07","     822464","             7457914.60","       2365","     460695","         56.01"
"HCL-INSYS","EQ","18-Sep-2019","          8.75","          9.05","          9.05","          8.30","          8.50","          8.45","          8.53","     630932","             5380288.50","       1507","     382871","         60.68"
"HCL-INSYS","EQ","19-Sep-2019","          8.45","          8.50","          8.65","          7.80","          7.95","          7.95","          8.20","     849958","             6971150.00","       2039","     417492","         49.12"
"HCL-INSYS","EQ","20-Sep-2019","          7.95","          8.05","          8.70","          7.80","          8.25","          8.25","          8.32","    1057953","             8804621.85","       2137","     504579","         47.69"
"HCL-INSYS","EQ","23-Sep-2019","          8.25","          8.70","          8.70","          8.20","          8.20","          8.30","          8.42","     745270","             6278181.75","       1765","     270961","         36.36"
"HCL-INSYS","EQ","24-Sep-2019","          8.30","          8.35","          8.65","          8.15","          8.60","          8.55","          8.47","     650885","             5512987.40","       1408","     254609","         39.12"
"HCL-INSYS","EQ","25-Sep-2019","          8.55","          8.55","          8.55","          8.05","          8.25","          8.15","          8.27","     626148","             5176460.05","       1509","     266468","         42.56"
"HCL-INSYS","EQ","26-Sep-2019","          8.15","          8.20","          8.55","          8.00","          8.10","          8.05","          8.21","     870169","             7148274.70","       1644","     362198","         41.62"
"HCL-INSYS","EQ","27-Sep-2019","          8.05","          8.10","          8.25","          7.85","          7.95","          7.95","          8.04","     686882","             5521742.55","       1415","     271111","         39.47"
"HCL-INSYS","EQ","30-Sep-2019","          7.95","          8.00","          8.00","          7.60","          7.75","          7.70","          7.76","     451200","             3503310.15","        972","     163881","         36.32"
"HCL-INSYS","EQ","01-Oct-2019","          7.70","          7.80","          8.00","          7.25","          7.45","          7.35","          7.68","     531531","             4079637.30","       1241","     155549","         29.26"
"HCL-INSYS","EQ","03-Oct-2019","          7.35","          7.25","          7.55","          7.15","          7.45","          7.30","          7.34","     491029","             3602777.20","       1086","     147023","         29.94"
"HCL-INSYS","EQ","04-Oct-2019","          7.30","          7.50","          7.75","          7.35","          7.40","          7.45","          7.56","     829502","             6270323.10","       1519","     195962","         23.62"
"HCL-INSYS","EQ","07-Oct-2019","          7.45","          7.50","          7.60","          6.70","          6.95","          6.80","          7.13","     837258","             5969892.60","       2066","     430594","         51.43"
"HCL-INSYS","EQ","09-Oct-2019","          6.80","          6.95","          7.05","          6.60","          6.95","          6.95","          6.88","     606546","             4170253.40","       1560","     179802","         29.64"
"HCL-INSYS","EQ","10-Oct-2019","          6.95","          6.95","          7.10","          6.70","          6.85","          6.80","          6.90","     573506","             3956754.20","       1259","     144159","         25.14"
"HCL-INSYS","EQ","11-Oct-2019","          6.80","          6.90","          7.10","          6.00","          6.65","          6.65","          6.72","     706189","             4748284.50","       1681","     190309","         26.95"
"HCL-INSYS","EQ","14-Oct-2019","          6.65","          6.75","          6.95","          6.20","          6.40","          6.35","          6.54","     954612","             6238850.10","       2152","     381651","         39.98"
"HCL-INSYS","EQ","15-Oct-2019","          6.35","          6.40","          6.50","          6.15","          6.25","          6.20","          6.33","     604762","             3830045.45","       1087","     177146","         29.29"
"HCL-INSYS","EQ","16-Oct-2019","          6.20","          6.25","          6.40","          6.15","          6.30","          6.25","          6.24","     705523","             4403015.05","        982","     225209","         31.92"
"HCL-INSYS","EQ","17-Oct-2019","          6.25","          6.20","          6.35","          6.15","          6.30","          6.25","          6.23","     539485","             3358358.65","        935","     135140","         25.05"
"HCL-INSYS","EQ","18-Oct-2019","          6.25","          6.35","          6.90","          6.20","          6.70","          6.65","          6.57","    1373204","             9026801.20","       2103","     583387","         42.48"
"HCL-INSYS","EQ","22-Oct-2019","          6.65","          6.80","          7.00","          6.35","          6.55","          6.50","          6.67","    1098442","             7330273.10","       1973","     404266","         36.80"
"HCL-INSYS","EQ","23-Oct-2019","          6.50","          6.55","          6.70","          6.35","          6.45","          6.45","          6.49","     729323","             4735341.50","       1107","     256782","         35.21"
"HCL-INSYS","EQ","24-Oct-2019","          6.45","          6.50","          6.70","          6.30","          6.35","          6.35","          6.49","     619064","             4020506.05","       1130","     267833","         43.26"
"HCL-INSYS","EQ","25-Oct-2019","          6.35","          6.45","          6.50","          6.20","          6.40","          6.35","          6.31","     642109","             4052514.30","        937","     148276","         23.09"
"HCL-INSYS","EQ","27-Oct-2019","          6.35","          6.30","          6.65","          6.30","          6.60","          6.55","          6.56","     312475","             2048590.70","        621","     209912","         67.18"
"HCL-INSYS","EQ","29-Oct-2019","          6.55","          6.50","          6.80","          6.45","          6.75","          6.70","          6.62","     807669","             5347674.70","       1283","     410731","         50.85"
"HCL-INSYS","EQ","30-Oct-2019","          6.70","          6.70","          7.55","          6.65","          7.00","          6.95","          7.15","    2199555","            15718038.50","       3010","    1040531","         47.31"
"HCL-INSYS","EQ","31-Oct-2019","          6.95","          7.05","          7.30","          6.85","          7.10","          7.10","          7.04","     971831","             6837670.75","       1638","     541828","         55.75"
"HCL-INSYS","EQ","01-Nov-2019","          7.10","          7.05","          7.90","          6.90","          7.70","          7.70","          7.54","    1393306","            10503384.55","       2276","     706132","         50.68"
"HCL-INSYS","EQ","04-Nov-2019","          7.70","          7.90","          8.55","          7.85","          8.45","          8.45","          8.31","    1445088","            12013494.50","       2657","     801620","         55.47"
"HCL-INSYS","EQ","05-Nov-2019","          8.45","          8.60","          8.85","          8.00","          8.10","          8.10","          8.46","    1487144","            12588646.25","       2443","     815947","         54.87"
"HCL-INSYS","EQ","06-Nov-2019","          8.10","          8.00","          8.00","          7.30","          7.70","          7.75","          7.66","     728874","             5580804.50","       1702","     452753","         62.12"
"HCL-INSYS","EQ","07-Nov-2019","          7.75","          7.50","          8.00","          7.50","          7.90","          7.85","          7.84","     285001","             2234822.75","        796","     212752","         74.65"
"HCL-INSYS","EQ","08-Nov-2019","          7.85","          7.95","          8.00","          7.35","          7.75","          7.75","          7.73","     368266","             2844973.40","       1049","     223480","         60.68"
"HCL-INSYS","EQ","11-Nov-2019","          7.75","          7.75","          7.95","          7.65","          7.75","          7.70","          7.75","     251385","             1946979.75","        722","     158788","         63.17"
"HCL-INSYS","EQ","13-Nov-2019","          7.70","          7.95","          7.95","          7.35","          7.55","          7.50","          7.70","     204487","             1574761.95","       1011","     144301","         70.57"
"HCL-INSYS","EQ","14-Nov-2019","          7.50","          7.45","          7.50","          7.00","          7.30","          7.20","          7.26","     342951","             2491006.45","       1186","     217239","         63.34"
"HCL-INSYS","EQ","15-Nov-2019","          7.20","          7.25","          7.55","          7.10","          7.50","          7.40","          7.40","     303980","             2250705.35","        992","     179124","         58.93"
"HCL-INSYS","EQ","18-Nov-2019","          7.40","          7.95","          8.85","          7.75","          8.85","          8.85","          8.49","    2363707","            20057803.10","       3178","    1480656","         62.64"
"HCL-INSYS","EQ","19-Nov-2019","          8.85","          9.50","         10.60","          9.40","         10.60","         10.60","         10.29","    4116886","            42355508.95","       5938","    1912700","         46.46"
"HCL-INSYS","EQ","20-Nov-2019","         10.60","         11.15","         11.40","          9.55","          9.55","          9.60","         10.22","    3431998","            35078059.40","       6661","    1909928","         55.65"
"HCL-INSYS","EQ","21-Nov-2019","          9.60","          9.55","         10.00","          8.65","          8.65","          8.65","          8.79","    2034064","            17885347.50","       3215","    1349392","         66.34"
"HCL-INSYS","EQ","22-Nov-2019","          8.65","          8.55","          9.50","          8.50","          8.65","          8.65","          8.81","    1226934","            10809282.25","       2367","     888049","         72.38"
"HCL-INSYS","EQ","25-Nov-2019","          8.65","          8.90","          9.10","          8.50","          8.80","          8.80","          8.80","     508217","             4471789.05","       1274","     289890","         57.04"
"HCL-INSYS","EQ","26-Nov-2019","          8.80","          8.85","          8.95","          8.50","          8.60","          8.60","          8.67","     428126","             3710287.60","        991","     251362","         58.71"
"HCL-INSYS","EQ","27-Nov-2019","          8.60","          8.55","          9.25","          8.25","          8.95","          8.90","          8.66","     944371","             8182686.35","       1621","     499671","         52.91"
"HCL-INSYS","EQ","28-Nov-2019","          8.90","          8.75","          9.05","          8.35","          8.50","          8.50","          8.64","     615409","             5317440.30","       1135","     478088","         77.69"
"HCL-INSYS","EQ","29-Nov-2019","          8.50","          8.55","          8.90","          8.10","          8.25","          8.20","          8.37","    1058622","             8863838.45","       1841","     756422","         71.45"
"HCL-INSYS","EQ","02-Dec-2019","          8.20","          8.70","          8.70","          7.95","          8.05","          8.00","          8.13","     816167","             6633793.60","       1525","     620032","         75.97"
"HCL-INSYS","EQ","03-Dec-2019","          8.00","          8.20","          8.20","          7.75","          8.00","          7.95","          7.94","     350587","             2783599.10","       1036","     222449","         63.45"
"HCL-INSYS","EQ","04-Dec-2019","          7.95","          8.10","          8.70","          7.90","          8.20","          8.20","          8.37","    1157808","             9694242.65","       1741","     609125","         52.61"
"HCL-INSYS","EQ","05-Dec-2019","          8.20","          8.25","          8.35","          8.00","          8.10","          8.10","          8.17","     310755","             2538968.15","        779","     232921","         74.95"
"HCL-INSYS","EQ","06-Dec-2019","          8.10","          8.15","          8.20","          7.85","          7.95","          7.90","          7.97","     252930","             2015834.15","        801","     207755","         82.14"
"HCL-INSYS","EQ","09-Dec-2019","          7.90","          8.00","          8.00","          7.60","          7.60","          7.70","          7.81","     323517","             2526006.60","        932","     257232","         79.51"
"HCL-INSYS","EQ","10-Dec-2019","          7.70","          7.90","          7.90","          7.20","          7.30","          7.30","          7.45","     539848","             4022480.60","       1140","     371016","         68.73"
"HCL-INSYS","EQ","11-Dec-2019","          7.30","          7.30","          7.40","          7.15","          7.30","          7.30","          7.28","     376967","             2743813.45","        827","     272104","         72.18"
"HCL-INSYS","EQ","12-Dec-2019","          7.30","          7.30","          7.65","          7.30","          7.50","          7.45","          7.44","     292739","             2179247.25","        758","     191319","         65.35"
"HCL-INSYS","EQ","13-Dec-2019","          7.45","          7.45","          7.55","          7.25","          7.45","          7.50","          7.36","     378202","             2783270.35","        858","     213809","         56.53"
"HCL-INSYS","EQ","16-Dec-2019","          7.50","          7.80","          7.80","          7.45","          7.50","          7.55","          7.57","     337497","             2554329.85","        791","     231504","         68.59"
"HCL-INSYS","EQ","17-Dec-2019","          7.55","          7.40","          7.90","          7.35","          7.55","          7.65","          7.66","    1051857","             8057992.35","       1337","     686882","         65.30"
"HCL-INSYS","EQ","18-Dec-2019","          7.65","          7.65","          7.80","          7.45","          7.45","          7.45","          7.55","     639749","             4828867.10","        932","     383011","         59.87"
"HCL-INSYS","EQ","19-Dec-2019","          7.45","          7.60","          7.60","          7.30","          7.35","          7.35","          7.44","     320939","             2386684.70","        645","     210887","         65.71"
"HCL-INSYS","EQ","20-Dec-2019","          7.35","          7.45","          7.45","          7.20","          7.20","          7.25","          7.27","     667964","             4858039.40","        976","     455064","         68.13"
"HCL-INSYS","EQ","23-Dec-2019","          7.25","          7.25","          7.35","          7.10","          7.10","          7.10","          7.17","     591403","             4238926.60","        877","     465314","         78.68"
"HCL-INSYS","EQ","24-Dec-2019","          7.10","          7.05","          7.25","          6.90","          7.05","          7.00","          7.08","     641383","             4540909.00","        953","     445357","         69.44"
"HCL-INSYS","EQ","26-Dec-2019","          7.00","          7.05","          7.15","          6.65","          6.85","          6.85","          6.86","     904039","             6205990.45","       1463","     630103","         69.70"
"HCL-INSYS","EQ","27-Dec-2019","          6.85","          6.85","          7.15","          6.85","          7.15","          7.05","          7.08","     814816","             5768244.95","       1031","     573007","         70.32"
"HCL-INSYS","EQ","30-Dec-2019","          7.05","          7.10","          7.25","          6.95","          7.05","          7.00","          7.04","     337385","             2374781.05","        814","     222922","         66.07"
"HCL-INSYS","EQ","31-Dec-2019","          7.00","          7.10","          7.15","          7.00","          7.10","          7.05","          7.07","     256617","             1815167.90","        590","     190444","         74.21"
"HCL-INSYS","EQ","01-Jan-2020","          7.05","          7.10","          7.15","          7.00","          7.05","          7.05","          7.08","     161364","             1143005.40","        448","     115713","         71.71"
"HCL-INSYS","EQ","02-Jan-2020","          7.05","          7.15","          7.25","          7.05","          7.25","          7.20","          7.19","     314699","             2262041.65","        746","     255144","         81.08"
"HCL-INSYS","EQ","03-Jan-2020","          7.20","          7.15","          7.50","          7.15","          7.30","          7.30","          7.39","     594478","             4394013.00","       1117","     419563","         70.58"
"HCL-INSYS","EQ","06-Jan-2020","          7.30","          7.15","          7.30","          6.95","          7.05","          7.00","          7.07","     410364","             2899224.25","        761","     312181","         76.07"
"HCL-INSYS","EQ","07-Jan-2020","          7.00","          7.05","          7.20","          7.00","          7.20","          7.15","          7.08","     180534","             1278945.00","        481","     128609","         71.24"
"HCL-INSYS","EQ","08-Jan-2020","          7.15","          7.15","          7.15","          6.90","          7.00","          7.00","          6.98","     410564","             2864771.70","        745","     267945","         65.26"
"HCL-INSYS","EQ","09-Jan-2020","          7.00","          7.10","          7.20","          6.90","          7.10","          7.10","          7.09","     259071","             1838018.15","        694","     189789","         73.26"
"HCL-INSYS","EQ","10-Jan-2020","          7.10","          7.20","          7.25","          7.05","          7.15","          7.10","          7.17","     394030","             2826379.95","        580","     311182","         78.97"
"HCL-INSYS","EQ","13-Jan-2020","          7.10","          7.00","          7.15","          7.00","          7.15","          7.15","          7.08","     187204","             1325950.00","        574","     112146","         59.91"
"HCL-INSYS","EQ","14-Jan-2020","          7.15","          7.20","          7.45","          7.05","          7.40","          7.30","          7.25","     645961","             4683721.60","        843","     491644","         76.11"
"HCL-INSYS","EQ","15-Jan-2020","          7.30","          7.25","          7.65","          7.20","          7.55","          7.60","          7.48","     674063","             5044359.45","       1103","     519772","         77.11"
"HCL-INSYS","EQ","16-Jan-2020","          7.60","          7.65","          7.95","          7.65","          7.95","          7.95","          7.92","     647946","             5134308.95","       1034","     458369","         70.74"
"HCL-INSYS","EQ","17-Jan-2020","          7.95","          8.15","          8.25","          7.70","          8.05","          8.00","          8.03","     467045","             3751308.00","       1068","     309640","         66.30"
"HCL-INSYS","EQ","20-Jan-2020","          8.00","          8.10","          8.30","          7.85","          7.90","          8.00","          8.01","     424817","             3404022.45","        988","     277076","         65.22"
"HCL-INSYS","EQ","21-Jan-2020","          8.00","          7.80","          8.00","          7.75","          8.00","          7.90","          7.85","     334902","             2628371.20","        668","     203109","         60.65"
"HCL-INSYS","EQ","22-Jan-2020","          7.90","          7.95","          7.95","          7.60","          7.70","          7.75","          7.75","     242861","             1882399.75","        649","     142088","         58.51"
"HCL-INSYS","EQ","23-Jan-2020","          7.75","          7.75","          8.00","          7.65","          7.80","          7.90","          7.89","     338684","             2671187.90","        712","     237187","         70.03"
"HCL-INSYS","EQ","24-Jan-2020","          7.90","          7.90","          8.00","          7.80","          7.90","          7.80","          7.89","     433761","             3422864.55","        643","     309262","         71.30"
"HCL-INSYS","EQ","27-Jan-2020","          7.80","          7.70","          8.05","          7.65","          7.95","          7.90","          7.93","     413265","             3279158.10","        752","     281445","         68.10"
"HCL-INSYS","EQ","28-Jan-2020","          7.90","          7.65","          7.85","          7.55","          7.55","          7.55","          7.65","     500350","             3825235.30","        869","     369920","         73.93"
"HCL-INSYS","EQ","29-Jan-2020","          7.55","          7.45","          7.50","          7.25","          7.30","          7.30","          7.38","     440507","             3250840.10","        908","     303453","         68.89"
"HCL-INSYS","EQ","30-Jan-2020","          7.30","          7.20","          7.45","          7.00","          7.10","          7.05","          7.15","     400452","             2863487.20","       1305","     295403","         73.77"
"HCL-INSYS","EQ","31-Jan-2020","          7.05","          7.05","          7.15","          7.00","          7.10","          7.10","          7.06","     277098","             1956603.00","        758","     168925","         60.96"
"HCL-INSYS","EQ","01-Feb-2020","          7.10","          6.95","          7.25","          6.75","          6.85","          6.75","          6.91","     458150","             3163843.10","        993","     298643","         65.18"
"HCL-INSYS","EQ","03-Feb-2020","          6.75","          6.85","          6.95","          6.60","          6.60","          6.65","          6.70","     282693","             1894248.50","        889","     194955","         68.96"
"HCL-INSYS","EQ","04-Feb-2020","          6.65","          6.60","          6.85","          6.60","          6.70","          6.75","          6.78","     215758","             1462797.20","        673","     142736","         66.16"
"HCL-INSYS","EQ","05-Feb-2020","          6.75","          6.75","          6.85","          6.45","          6.65","          6.60","          6.58","     502537","             3306656.95","        975","     282223","         56.16"
"HCL-INSYS","EQ","06-Feb-2020","          6.60","          6.80","          6.95","          6.65","          6.80","          6.85","          6.79","     370791","             2517654.45","        803","     235051","         63.39"
"HCL-INSYS","EQ","07-Feb-2020","          6.85","          6.85","          7.10","          6.80","          7.00","          7.05","          7.01","     204800","             1436474.20","        747","     125298","         61.18"
"HCL-INSYS","EQ","10-Feb-2020","          7.05","          7.00","          7.15","          6.55","          6.55","          6.60","          6.74","     592232","             3994232.00","       2578","     399696","         67.49"
"HCL-INSYS","EQ","11-Feb-2020","          6.60","          6.65","          6.80","          6.40","          6.50","          6.45","          6.60","     776045","             5121427.60","       1715","     489490","         63.07"
"HCL-INSYS","EQ","12-Feb-2020","          6.45","          6.50","          6.60","          6.40","          6.45","          6.45","          6.47","     244753","             1583273.85","        603","     175858","         71.85"
"HCL-INSYS","EQ","13-Feb-2020","          6.45","          6.55","          6.60","          6.45","          6.55","          6.55","          6.51","     160588","             1044928.85","        531","      72167","         44.94"
"HCL-INSYS","EQ","14-Feb-2020","          6.55","          6.50","          6.60","          6.25","          6.30","          6.30","          6.39","     310366","             1983533.40","        719","     213584","         68.82"
"HCL-INSYS","EQ","17-Feb-2020","          6.30","          6.40","          6.45","          6.15","          6.20","          6.20","          6.23","     421827","             2628346.30","        777","     313654","         74.36"
"HCL-INSYS","EQ","18-Feb-2020","          6.20","          6.25","          6.25","          5.95","          6.10","          6.05","          6.03","     355594","             2144751.55","        863","     239106","         67.24"
"HCL-INSYS","EQ","19-Feb-2020","          6.05","          6.15","          6.15","          5.85","          6.10","          6.05","          6.00","     567808","             3407741.55","       1004","     260036","         45.80"
"HCL-INSYS","EQ","20-Feb-2020","          6.05","          6.00","          6.35","          6.00","          6.20","          6.15","          6.16","     538818","             3316649.30","        868","     378726","         70.29"
"HCL-INSYS","EQ","24-Feb-2020","          6.15","          6.25","          6.25","          5.95","          6.05","          6.05","          6.08","     427668","             2602066.10","        720","     300525","         70.27"
"HCL-INSYS","EQ","25-Feb-2020","          6.05","          6.15","          6.15","          5.90","          6.00","          6.00","          5.97","     236987","             1413757.25","        534","     179497","         75.74"
"HCL-INSYS","EQ","26-Feb-2020","          6.00","          6.00","          6.00","          5.80","          5.90","          5.90","          5.93","     282873","             1676981.80","        558","     170084","         60.13"
"HCL-INSYS","EQ","27-Feb-2020","          5.90","          6.00","          6.00","          5.65","          5.70","          5.70","          5.78","     398939","             2306833.15","        792","     244590","         61.31"
"HCL-INSYS","EQ","28-Feb-2020","          5.70","          5.60","          5.70","          5.30","          5.40","          5.40","          5.46","     439369","             2400353.40","        958","     277132","         63.08"
"HCL-INSYS","EQ","02-Mar-2020","          5.40","          5.45","          5.60","          5.30","          5.40","          5.30","          5.43","     288987","             1570452.45","        852","     162250","         56.14"
"HCL-INSYS","EQ","03-Mar-2020","          5.30","          5.40","          5.45","          4.90","          5.15","          5.05","          5.04","     599531","             3024021.10","        998","     329260","         54.92"
"HCL-INSYS","EQ","04-Mar-2020","          5.05","          5.15","          5.15","          4.85","          4.90","          4.90","          4.98","     292272","             1455743.15","        795","     220190","         75.34"
"HCL-INSYS","EQ","05-Mar-2020","          4.90","          4.90","          5.05","          4.85","          5.00","          4.95","          4.95","     328377","             1625447.90","        650","     227235","         69.20"
"HCL-INSYS","EQ","06-Mar-2020","          4.95","          4.85","          4.85","          4.50","          4.60","          4.60","          4.59","     436455","             2005333.25","        989","     288256","         66.04"
"HCL-INSYS","EQ","09-Mar-2020","          4.60","          4.50","          4.65","          4.15","          4.15","          4.15","          4.18","    1085407","             4536484.30","       1348","     721145","         66.44"
"HCL-INSYS","EQ","11-Mar-2020","          4.15","          4.15","          4.25","          4.05","          4.10","          4.10","          4.10","     398718","             1635335.35","        852","     318681","         79.93"
"HCL-INSYS","EQ","12-Mar-2020","          4.10","          4.10","          4.10","          3.90","          3.90","          3.90","          3.90","     225460","              880010.45","        706","     204675","         90.78"
"HCL-INSYS","EQ","13-Mar-2020","          3.90","          3.75","          3.90","          3.75","          3.85","          3.80","          3.79","     598936","             2270635.25","       1298","     465340","         77.69"
"HCL-INSYS","EQ","16-Mar-2020","          3.80","          3.90","          3.95","          3.80","          3.90","          3.85","          3.88","     647139","             2512373.20","       1902","     406334","         62.79"
"HCL-INSYS","EQ","17-Mar-2020","          3.85","          3.95","          4.00","          3.90","          3.95","          4.00","          3.98","     370839","             1475095.10","        982","     275755","         74.36"
"HCL-INSYS","EQ","18-Mar-2020","          4.00","          4.15","          4.15","          3.80","          3.85","          3.90","          3.90","     496368","             1934860.50","       1128","     350328","         70.58"
"HCL-INSYS","EQ","19-Mar-2020","          3.90","          3.80","          3.80","          3.75","          3.80","          3.75","          3.76","     323726","             1216724.45","        975","     231117","         71.39"
"HCL-INSYS","EQ","20-Mar-2020","          3.75","          3.75","          3.90","          3.65","          3.80","          3.80","          3.76","     537865","             2024185.35","       1160","     310502","         57.73"
"HCL-INSYS","EQ","23-Mar-2020","          3.80","          3.65","          3.80","          3.65","          3.65","          3.65","          3.65","     117994","              430721.75","        697","     107528","         91.13"
"HCL-INSYS","EQ","24-Mar-2020","          3.65","          3.65","          3.70","          3.50","          3.55","          3.50","          3.53","     210685","              742806.15","        921","     163555","         77.63"
"HCL-INSYS","EQ","25-Mar-2020","          3.50","          3.50","          3.55","          3.35","          3.40","          3.35","          3.37","     207157","              697397.55","        791","     158970","         76.74"
"HCL-INSYS","EQ","26-Mar-2020","          3.35","          3.45","          3.50","          3.20","          3.50","          3.50","          3.44","     357460","             1231299.25","        850","     240979","         67.41"
"HCL-INSYS","EQ","27-Mar-2020","          3.50","          3.65","          3.65","          3.40","          3.40","          3.45","          3.58","     424318","             1519005.75","       1304","     253756","         59.80"
"HCL-INSYS","EQ","30-Mar-2020","          3.45","          3.60","          3.60","          3.40","          3.55","          3.50","          3.52","     449027","             1582272.05","       1435","     278730","         62.07"
"HCL-INSYS","EQ","31-Mar-2020","          3.50","          3.60","          3.65","          3.50","          3.65","          3.65","          3.59","     252983","              907915.00","        830","     153230","         60.57"
"HCL-INSYS","EQ","01-Apr-2020","          3.65","          3.80","          3.80","          3.55","          3.80","          3.80","          3.78","     162074","              613303.25","        653","     141869","         87.53"
"HCL-INSYS","EQ","03-Apr-2020","          3.80","          3.95","          3.95","          3.90","          3.95","          3.95","          3.95","      78467","              309686.80","        301","      71753","         91.44"
"HCL-INSYS","EQ","07-Apr-2020","          3.95","          4.10","          4.10","          4.10","          4.10","          4.10","          4.10","     113913","              467043.30","        443","     111422","         97.81"
"HCL-INSYS","EQ","08-Apr-2020","          4.10","          4.30","          4.30","          4.30","          4.30","          4.30","          4.30","      82741","              355786.30","        210","      82741","        100.00"
"HCL-INSYS","EQ","09-Apr-2020","          4.30","          4.50","          4.50","          4.50","          4.50","          4.50","          4.50","      58962","              265329.00","        134","      58962","        100.00"
"HCL-INSYS","EQ","13-Apr-2020","          4.50","          4.50","          4.70","          4.50","          4.70","          4.70","          4.65","     356604","             1659186.65","        816","     314557","         88.21"
"HCL-INSYS","EQ","15-Apr-2020","          4.70","          4.90","          4.90","          4.90","          4.90","          4.90","          4.90","      57474","              281622.60","        214","      57414","         99.90"
"HCL-INSYS","EQ","16-Apr-2020","          4.90","          5.10","          5.10","          5.10","          5.10","          5.10","          5.10","      44499","              226944.90","        153","      44499","        100.00"
"HCL-INSYS","EQ","17-Apr-2020","          5.10","          5.35","          5.35","          5.35","          5.35","          5.35","          5.35","      81697","              437078.95","        156","      81697","        100.00"
"HCL-INSYS","EQ","20-Apr-2020","          5.35","          5.60","          5.60","          5.60","          5.60","          5.60","          5.60","      40014","              224078.40","        116","      40014","        100.00"
"HCL-INSYS","EQ","21-Apr-2020","          5.60","          5.85","          5.85","          5.60","          5.85","          5.85","          5.83","     954696","             5565381.55","       1946","     668693","         70.04"
"HCL-INSYS","EQ","22-Apr-2020","          5.85","          6.10","          6.10","          5.90","          6.10","          6.10","          6.08","     300487","             1828448.50","        782","     268431","         89.33"
"HCL-INSYS","BE","23-Apr-2020","          6.10","          6.40","          6.40","          6.40","          6.40","          6.40","          6.40","     118543","              758675.20","        279","-","-"
"HCL-INSYS","BE","24-Apr-2020","          6.40","          6.70","          6.70","          6.70","          6.70","          6.70","          6.70","     187003","             1252920.10","        379","-","-"
"HCL-INSYS","BE","27-Apr-2020","          6.70","          7.00","          7.00","          7.00","          7.00","          7.00","          7.00","     128227","              897589.00","        398","-","-"
"HCL-INSYS","BE","28-Apr-2020","          7.00","          7.35","          7.35","          7.25","          7.35","          7.35","          7.35","     212401","             1560882.60","        580","-","-"
"HCL-INSYS","BE","29-Apr-2020","          7.35","          7.70","          7.70","          7.00","          7.00","          7.00","          7.18","     356137","             2557623.55","        769","-","-"
"HCL-INSYS","BE","30-Apr-2020","          7.00","          6.65","          6.65","          6.65","          6.65","          6.65","          6.65","     146163","              971983.95","        444","-","-"
"HCL-INSYS","BE","04-May-2020","          6.65","          6.35","          6.35","          6.35","          6.35","          6.35","          6.35","      75850","              481647.50","        275","-","-"
"HCL-INSYS","BE","05-May-2020","          6.35","          6.05","          6.05","          6.05","          6.05","          6.05","          6.05","      91135","              551366.75","        224","-","-"
"HCL-INSYS","BE","06-May-2020","          6.05","          5.75","          5.75","          5.75","          5.75","          5.75","          5.75","      69371","              398883.25","        259","-","-"
"HCL-INSYS","BE","07-May-2020","          5.75","          5.50","          5.50","          5.50","          5.50","          5.50","          5.50","      77543","              426486.50","        277","-","-"
"HCL-INSYS","BE","08-May-2020","          5.50","          5.25","          5.75","          5.25","          5.75","          5.75","          5.44","     458702","             2497259.70","        923","-","-"
"HCL-INSYS","BE","11-May-2020","          5.75","          6.00","          6.00","          5.85","          6.00","          6.00","          6.00","     215963","             1294850.60","        509","-","-"
"HCL-INSYS","BE","12-May-2020","          6.00","          6.20","          6.25","          5.70","          5.80","          5.85","          5.82","     208391","             1212853.60","        593","-","-"
"HCL-INSYS","BE","13-May-2020","          5.85","          5.85","          6.10","          5.70","          5.95","          5.95","          5.86","     253365","             1484770.20","        735","-","-"
"HCL-INSYS","BE","14-May-2020","          5.95","          6.15","          6.15","          5.75","          5.85","          5.85","          5.90","     145912","              860622.25","        370","-","-"
"HCL-INSYS","BE","15-May-2020","          5.85","          5.85","          5.90","          5.60","          5.80","          5.75","          5.73","     106672","              611220.70","        385","-","-"
"HCL-INSYS","BE","18-May-2020","          5.75","          5.95","          5.95","          5.50","          5.50","          5.55","          5.59","     133931","              748936.40","        487","-","-"
"HCL-INSYS","BE","19-May-2020","          5.55","          5.55","          5.70","          5.35","          5.55","          5.45","          5.49","      88553","              485908.30","        295","-","-"
"HCL-INSYS","BE","20-May-2020","          5.45","          5.45","          5.60","          5.30","          5.50","          5.45","          5.39","     103342","              556920.85","        385","-","-"
"HCL-INSYS","BE","21-May-2020","          5.45","          5.65","          5.65","          5.30","          5.60","          5.50","          5.48","      75610","              414379.60","        292","-","-"
"HCL-INSYS","BE","22-May-2020","          5.50","          5.65","          5.70","          5.50","          5.55","          5.50","          5.57","     210847","             1174223.25","        413","-","-"
"HCL-INSYS","BE","26-May-2020","          5.50","          5.75","          5.75","          5.50","          5.75","          5.70","          5.66","     231133","             1308161.90","        439","-","-"
"HCL-INSYS","EQ","27-May-2020","          5.70","          5.75","          5.85","          5.45","          5.60","          5.55","          5.69","     273195","             1553908.30","        545","     210995","         77.23"
"HCL-INSYS","EQ","28-May-2020","          5.55","          5.55","          5.70","          5.50","          5.65","          5.65","          5.63","     164933","              928275.25","        418","     107633","         65.26"
"HCL-INSYS","EQ","29-May-2020","          5.65","          5.70","          5.90","          5.45","          5.80","          5.75","          5.74","     459072","             2634316.55","        835","     336852","         73.38"
"HCL-INSYS","EQ","01-Jun-2020","          5.75","          6.00","          6.00","          5.90","          6.00","          6.00","          6.00","     174915","             1048835.20","        597","     163468","         93.46"
"HCL-INSYS","EQ","02-Jun-2020","          6.00","          6.30","          6.30","          6.20","          6.30","          6.30","          6.29","     292507","             1841285.50","        673","     257304","         87.97"
"HCL-INSYS","EQ","03-Jun-2020","          6.30","          6.60","          6.60","          6.60","          6.60","          6.60","          6.60","     223825","             1477245.00","        270","     223825","        100.00"
"HCL-INSYS","EQ","04-Jun-2020","          6.60","          6.90","          6.90","          6.35","          6.90","          6.85","          6.74","     926779","             6250025.15","       1748","     704326","         76.00"
"HCL-INSYS","EQ","05-Jun-2020","          6.85","          7.25","          7.25","          6.25","          7.15","          7.20","          7.16","    1328924","             9518327.95","       2285","    1001494","         75.36"
"HCL-INSYS","EQ","08-Jun-2020","          7.20","          7.80","          7.90","          7.50","          7.90","          7.90","          7.84","    1197252","             9387226.60","       2099","     968243","         80.87"
"HCL-INSYS","EQ","09-Jun-2020","          7.90","          8.60","          8.65","          8.35","          8.65","          8.65","          8.64","     750173","             6482224.65","       1239","     707386","         94.30"
"HCL-INSYS","EQ","10-Jun-2020","          8.65","          9.05","          9.05","          9.05","          9.05","          9.05","          9.05","     375858","             3401514.90","        504","     375714","         99.96"
"HCL-INSYS","EQ","11-Jun-2020","          9.05","          9.40","          9.40","          8.60","          8.60","          8.60","          8.77","     906234","             7943642.95","       2023","     827568","         91.32"
"HCL-INSYS","EQ","12-Jun-2020","          8.60","          8.20","          8.20","          8.20","          8.20","          8.20","          8.20","     184033","             1509070.60","        630","     170970","         92.90"
"HCL-INSYS","EQ","15-Jun-2020","          8.20","          7.80","          7.80","          7.80","          7.80","          7.80","          7.80","     258977","             2020020.60","        782","     237870","         91.85"
"HCL-INSYS","EQ","16-Jun-2020","          7.80","          7.45","          7.50","          7.45","          7.45","          7.45","          7.45","     357380","             2662505.90","        700","     249290","         69.75"
"HCL-INSYS","EQ","17-Jun-2020","          7.45","          7.10","          7.10","          7.10","          7.10","          7.10","          7.10","     205440","             1458624.00","        720","     183437","         89.29"
"HCL-INSYS","BE","18-Jun-2020","          7.10","          6.75","          7.45","          6.75","          7.45","          7.45","          7.31","     528483","             3864242.40","        821","-","-"
"HCL-INSYS","BE","19-Jun-2020","          7.45","          7.80","          7.80","          7.60","          7.80","          7.80","          7.79","     483229","             3764895.85","        828","-","-"
"HCL-INSYS","BE","22-Jun-2020","          7.80","          8.15","          8.15","          8.15","          8.15","          8.15","          8.15","     206075","             1679511.25","        400","-","-"
"HCL-INSYS","BE","23-Jun-2020","          8.15","          8.55","          8.55","          8.15","          8.55","          8.55","          8.50","     780268","             6633495.10","        937","-","-"
"HCL-INSYS","BE","24-Jun-2020","          8.55","          8.95","          8.95","          8.15","          8.95","          8.95","          8.68","    1484216","            12885702.00","       1796","-","-"
"HCL-INSYS","BE","25-Jun-2020","          8.95","          9.00","          9.35","          8.55","          9.35","          9.35","          9.18","     837519","             7685885.05","       1090","-","-"
"HCL-INSYS","BE","26-Jun-2020","          9.35","          9.75","          9.80","          9.40","          9.80","          9.80","          9.76","     578463","             5643076.35","        805","-","-"
"HCL-INSYS","BE","29-Jun-2020","          9.80","         10.25","         10.25","          9.60","         10.25","         10.25","         10.04","     977250","             9809086.60","       1704","-","-"
"HCL-INSYS","BE","30-Jun-2020","         10.25","         10.75","         10.75","         10.70","         10.75","         10.75","         10.74","     397118","             4266052.30","        533","-","-"
"HCL-INSYS","BE","01-Jul-2020","         10.75","         11.25","         11.25","         10.30","         11.25","         11.25","         11.14","     888430","             9895299.75","       1552","-","-"
"HCL-INSYS","BE","02-Jul-2020","         11.25","         11.80","         11.80","         11.10","         11.80","         11.80","         11.61","    1109346","            12881295.50","       1759","-","-"
"HCL-INSYS","BE","03-Jul-2020","         11.80","         11.50","         12.25","         11.25","         11.25","         11.25","         11.57","     810025","             9369479.25","       1745","-","-"
"HCL-INSYS","BE","06-Jul-2020","         11.25","         10.70","         10.70","         10.70","         10.70","         10.70","         10.70","     126145","             1349751.50","        382","-","-"
"HCL-INSYS","BE","07-Jul-2020","         10.70","         10.20","         10.20","         10.20","         10.20","         10.20","         10.20","      73871","              753484.20","        279","-","-"
"HCL-INSYS","BE","08-Jul-2020","         10.20","          9.70","          9.70","          9.70","          9.70","          9.70","          9.70","     207128","             2009141.60","        451","-","-"
"HCL-INSYS","BE","09-Jul-2020","          9.70","          9.25","         10.15","          9.25","         10.15","         10.15","          9.65","     998053","             9633135.10","       1661","-","-"
"HCL-INSYS","BE","10-Jul-2020","         10.15","         10.15","         10.15","          9.65","          9.80","          9.70","          9.85","     440871","             4342177.70","       1205","-","-"
"HCL-INSYS","BE","13-Jul-2020","          9.70","          9.85","         10.15","          9.25","         10.15","         10.15","          9.72","     607501","             5906285.60","        963","-","-"
"HCL-INSYS","BE","14-Jul-2020","         10.15","         10.15","         10.45","          9.80","         10.05","         10.35","         10.11","     423579","             4282457.90","        795","-","-"
"HCL-INSYS","BE","15-Jul-2020","         10.35","         10.20","         10.35","          9.90","          9.95","          9.90","         10.04","     214214","             2150685.50","        647","-","-"
"HCL-INSYS","BE","16-Jul-2020","          9.90","          9.90","         10.00","          9.45","          9.45","          9.45","          9.53","     266431","             2539517.40","        559","-","-"
"HCL-INSYS","BE","17-Jul-2020","          9.45","          9.40","          9.65","          9.00","          9.30","          9.15","          9.24","     217635","             2011528.20","        620","-","-"
"HCL-INSYS","BE","20-Jul-2020","          9.15","          9.45","          9.50","          8.85","          9.35","          9.20","          9.23","     247493","             2283628.45","        708","-","-"
"HCL-INSYS","BE","21-Jul-2020","          9.20","          9.20","          9.35","          9.00","          9.00","          9.05","          9.11","     324430","             2954212.60","        639","-","-"
"HCL-INSYS","BE","22-Jul-2020","          9.05","          9.35","          9.35","          8.85","          9.00","          9.10","          9.02","     166121","             1499082.20","        523","-","-"
"HCL-INSYS","BE","23-Jul-2020","          9.10","          9.10","          9.10","          8.80","          8.95","          8.95","          8.97","     142406","             1276977.70","        464","-","-"
"HCL-INSYS","BE","24-Jul-2020","          8.95","          8.80","          9.05","          8.70","          9.00","          9.05","          8.89","     170664","             1516884.95","        517","-","-"
"HCL-INSYS","BE","27-Jul-2020","          9.05","          9.05","          9.15","          8.65","          8.80","          8.65","          8.79","     150069","             1318753.15","        463","-","-"
"HCL-INSYS","BE","28-Jul-2020","          8.65","          8.70","          8.95","          8.40","          8.75","          8.70","          8.76","     124426","             1089924.35","        479","-","-"
"HCL-INSYS","BE","29-Jul-2020","          8.70","          8.80","          9.05","          8.55","          8.95","          8.90","          8.90","      97580","              868585.55","        453","-","-"
"HCL-INSYS","BE","30-Jul-2020","          8.90","          8.90","          9.15","          8.55","          8.80","          8.70","          8.92","     194399","             1733788.85","        503","-","-"
"HCL-INSYS","BE","31-Jul-2020","          8.70","          8.70","          9.10","          8.50","          9.00","          8.90","          8.89","     193521","             1720830.80","        530","-","-"
"HCL-INSYS","BE","03-Aug-2020","          8.90","          8.70","          9.10","          8.60","          8.95","          9.00","          8.87","     155627","             1380867.60","        507","-","-"
"HCL-INSYS","BE","04-Aug-2020","          9.00","          8.80","          9.10","          8.75","          8.90","          8.85","          8.94","     276156","             2469572.25","        503","-","-"
"HCL-INSYS","BE","05-Aug-2020","          8.85","          8.85","          9.00","          8.80","          8.95","          8.95","          8.87","     165543","             1468363.30","        381","-","-"
"HCL-INSYS","BE","06-Aug-2020","          8.95","          8.95","          9.00","          8.85","          8.95","          8.90","          8.93","     112528","             1004735.10","        343","-","-"
"HCL-INSYS","BE","07-Aug-2020","          8.90","          9.05","          9.30","          8.60","          8.90","          8.80","          8.91","     242130","             2156532.80","        428","-","-"
"HCL-INSYS","BE","10-Aug-2020","          8.80","          8.80","          9.20","          8.80","          9.20","          9.20","          9.09","     304126","             2763246.30","        456","-","-"
"HCL-INSYS","BE","11-Aug-2020","          9.20","          9.40","          9.65","          9.40","          9.65","          9.65","          9.62","     360483","             3466654.35","        484","-","-"
"HCL-INSYS","BE","12-Aug-2020","          9.65","         10.00","         10.05","          9.20","          9.70","          9.80","          9.69","     841566","             8158381.95","        778","-","-"
"HCL-INSYS","BE","13-Aug-2020","          9.80","          9.95","          9.95","          9.35","          9.50","          9.40","          9.55","     378618","             3615042.65","        724","-","-"
"HCL-INSYS","BE","14-Aug-2020","          9.40","          9.75","          9.75","          8.95","          8.95","          8.95","          9.03","     474572","             4286073.60","        753","-","-"
"HCL-INSYS","BE","17-Aug-2020","          8.95","          8.95","          9.35","          8.75","          9.15","          9.15","          9.02","     200040","             1804636.15","        538","-","-"
"HCL-INSYS","EQ","18-Aug-2020","          9.15","          9.15","          9.40","          8.80","          9.00","          8.95","          9.05","     322498","             2919764.70","        780","     218169","         67.65"
"HCL-INSYS","EQ","19-Aug-2020","          8.95","          9.10","          9.20","          8.75","          8.85","          8.85","          8.94","     383559","             3427485.45","        864","     303008","         79.00"
"HCL-INSYS","EQ","20-Aug-2020","          8.85","          8.85","          8.95","          8.75","          8.85","          8.85","          8.87","     252326","             2237480.35","        680","     159274","         63.12"
"HCL-INSYS","EQ","21-Aug-2020","          8.85","          8.90","          9.05","          8.80","          9.05","          9.00","          8.98","     464617","             4171672.70","        973","     330781","         71.19"
"HCL-INSYS","EQ","24-Aug-2020","          9.00","          9.00","          9.15","          8.85","          9.15","          9.10","          8.98","     439413","             3944392.05","        952","     273374","         62.21"
"HCL-INSYS","EQ","25-Aug-2020","          9.10","          9.35","          9.35","          8.85","          9.20","          9.05","          9.14","     505818","             4620832.85","       1200","     358834","         70.94"
"HCL-INSYS","EQ","26-Aug-2020","          9.05","          9.25","          9.25","          8.90","          9.05","          9.00","          9.04","     341728","             3090480.70","        807","     247136","         72.32"
"HCL-INSYS","EQ","27-Aug-2020","          9.00","          9.00","          9.15","          8.90","          8.95","          8.95","          9.00","     360617","             3246827.65","        854","     231274","         64.13"
"HCL-INSYS","EQ","28-Aug-2020","          8.95","          9.00","          9.15","          8.90","          8.95","          8.95","          9.00","     325529","             2931099.55","        850","     253130","         77.76"
